0

0

0

0

0

500

0

0

1000

0

0

1501

0

0

2002

0

0

2501

0

0

3002

0

0

3503

0

0

4002

0

0

4503

0

0

5004

0

0

5504

0

0

6004

0

0

6505

0

0

7005

0

0

7506

0

0

8006

0

0

8506

0

0

9007

0

0

9507

0

0

10007

0

0

10508

0

0

11009

0

0

11509

0

0

12009

0

0

12510

0

0

13011

0

0

13510

0

0

14011

0

0

14512

0

0

15013

0

0

15512

0

0

16013

0

0

16514

0

0

17014

0

0

17514

0

0

18015

0

0

18516

0

0

19015

0

0

19516

0

0

20017

0

0

20518

0

0

21017

0

0

21518

0

0

22019

0

0

22518

0

0

23019

0

0

23520

0

0

24021

0

0

24520

0

0

25021

0

0

25522

0

0

26022

0

0

26522

0

0

27023

0

0

27524

0

0

28023

0

0

28524

0

0

29025

0

0

29526

0

0

30025

0

0

30526

0

0

31027

0

0

31527

0

0

32027

0

0

32528

0

0

33029

0

0

33528

0

0

34029

0

0

34530

0

0

35030

0

0

35530

0

0

36031

0

0

36532

0

0

37032

0

0

37532

0

0

38033

0

0

38533

0

0

39034

0

0

39534

0

0

40035

0

0

40535

0

0

41035

0

0

41536

0

0

42037

0

0

42537

0

0

43037

0

0

43538

0

0

44038

0

0

44539

0

0

45039

0

0

45540

0

0

46040

0

0

46540

0

0

47041

0

0

47541

0

0

48042

0

0

48542

0

0

49043

0

0

49543

0

0

50044

0

0

50544

0

0

51045

0

0

51545

0

0

52045

0

0

52546

0

0

53046

0

0

53547

0

0

54047

0

0

54548

0

0

55048

0

0

55549

0

0

56049

0

0

56549

0

0

57050

0

0

57550

0

0

58051

0

0

58551

0

0

59052

0

0

59552

0

0

60052

0

0

60553

0

0

61054

0

0

61554

0

0

62054

0

0

62555

0

0

63056

0

0

63556

0

0

64056

0

0

64557

0

0

65057

0

0

65557

0

0

66058

0

0

66559

0

0

67059

0

0

67559

0

0

68060

0

0

68561

0

0

69060

0

0

69561

0

0

70062

0

0

70562

0

0

71062

0

0

71563

0

0

72064

0

0

72564

0

0

73064

0

0

73565

0

0

74066

0

0

74565

0

0

75066

0

0

75567

0

0

76067

0

0

76567

0

0

77068

0

0

77569

0

0

78068

0

0

78569

0

0

79070

0

0

79571

0

0

80070

0

0

80571

0

0

81072

0

0

81571

0

0

82072

0

0

82573

0

0

83074

0

0

83573

0

0

84074

0

0

84575

0

0

85076

0

0

85575

0

0

86076

0

0

86577

0

0

87077

0

0

87577

0

0

88078

0

0

88579

0

0

89078

0

0

89579

0

0

90080

0

0

90580

0

0

91080

0

0

91581

0

0

92082

0

0

92582

0

0

93082

0

0

93583

0

0

94083

0

0

94583

0

0

95084

0

0

95585

0

0

96085

0

0

96585

0

0

97086

0

0

97587

0

0

98087

0

0

98587

0

0

99088

0

0

99588

0

0

100088

0

0

100589

0

0

101090

0

0

101590

0

0

102090

0

0

102591

0

0

103092

0

0

103592

0

0

104092

0

0

104593

0

0

105094

0

0

105595

0

0

106094

0

0

106595

0

0

107096

0

0

107596

0

0

108096

0

0

108597

0

0

109098

0

0

109598

0

0

110098

0

0

110599

0

0

111100

0

0

111600

0

0

112100

0

0

112601

0

0

113101

0

0

113602

0

0

114103

0

0

114603

0

0

115103

0

0

115604

0

0

116105

0

0

116605

0

0

117105

0

0

117606

0

0

118107

0

0

118606

0

0

119107

0

0

119608

0

0

120109

0

0

120608

0

0

121109

0

0

121610

0

0

122111

0

0

122611

0

0

123111

0

0

123612

0

0

124113

0

0

124613

0

0

125113

0

0

125614

0

0

126114

0

0

126615

0

0

127115

0

0

127616

0

0

128116

0

0

128617

0

0

129117

0

0

129618

0

0

130118

0

0

130619

0

0

131120

0

0

131619

0

0

132120

0

0

132621

0

0

133122

0

0

133621

0

0

134122

0

0

134623

0

0

135124

0

0

135623

0

0

136124

0

0

136625

0

0

137126

0

0

137625

0

0

138126

0

0

138627

0

0

139127

0

0

139628

0

0

140128

0

0

140629

0

0

141129

0

0

141630

0

0

142130

0

0

142631

0

0

143131

0

0

143632

0

0

144132

0

0

144632

0

0

145133

0

0

145634

0

0

146134

0

0

146634

0

0

147135

0

0

147636

0

0

148137

0

0

148636

0

0

149137

0

0

149638

0

0

150139

0

0

150638

0

0

151139

0

0

151640

0

0

152140

0

0

152640

0

0

153141

0

0

153642

0

0

154142

0

0

154642

0

0

155143

0

0

155644

0

0

156144

0

0

156645

0

0

157145

0

0

157645

0

0

158146

0

0

158647

0

0

159147

0

0

159647

0

0

160148

0

0

160649

0

0

161149

0

0

161649

0

0

162150

0

0

162651

0

0

163150

0

0

163651

0

0

164152

0

0

164653

0

0

165153

0

0

165653

0

0

166154

0

0

166655

0

0

167155

0

0

167655

0

0

168156

0

0

168657

0

0

169157

0

0

169657

0

0

170158

0

0

170658

0

0

171159

0

0

171659

0

0

172160

0

0

172660

0

0

173161

0

0

173662

0

0

174162

0

0

174662

0

0

175163

0

0

175664

0

0

176163

0

0

176664

0

0

177165

0

0

177666

0

0

178165

0

0

178666

0

0

179167

0

0

179668

0

0

180167

0

0

180668

0

0

181169

0

0

181670

0

0

182170

0

0

182670

0

0

183171

0

0

183671

0

0

184172

0

0

184672

0

0

185173

0

0

185673

0

0

186174

0

0

186674

0

0

187175

0

0

187675

0

0

188176

0

0

188676

0

0

189176

0

0

189677

0

0

190178

0

0

190679

0

0

191178

0

0

191679

0

0

192180

0

0

192681

0

0

193180

0

0

193681

0

0

194182

0

0

194683

0

0

195182

0

0

195683

0

0

196184

0

0

196684

0

0

197184

0

0

197685

0

0

198186

0

0

198686

0

0

199187

0

0

199687

0

0

200188

0

0

200688

0

0

201189

0

0

201689

0

0

202189

0

0

202690

0

0

203191

0

0

203691

0

0

204191

0

0

204692

0

0

205193

0

0

205693

0

0

206193

0

0

206694

0

0

207195

0

0

207696

0

0

208195

0

0

208696

0

0

209197

0

0

209697

0

0

210197

0

0

210698

0

0

211199

0

0

211699

0

0

212199

0

0

212700

0

0

213201

0

0

213701

0

0

214201

0

0

214702

0

0

215202

0

0

215703

0

0

216204

0

0

216704

0

0

217204

0

0

217705

0

0

218206

0

0

218706

0

0

219206

0

0

219707

0

0

220208

0

0

220707

0

0

221208

0

0

221709

0

0

222210

0

0

222709

0

0

223210

0

0

223711

0

0

224212

0

0

224712

0

0

225212

0

0

225713

0

0

226214

0

0

226714

0

0

227214

0

0

227715

0

0

228215

0

0

228716

0

0

229216

0

0

229717

0

0

230217

0

0

230718

0

0

231218

0

0

231719

0

0

232219

0

0

232720

0

0

233221

0

0

233720

0

0

234221

0

0

234722

0

0

235223

0

0

235722

0

0

236223

0

0

236724

0

0

237225

0

0

237724

0

0

238225

0

0

238726

0

0

239227

0

0

239726

0

0

240227

0

0

240728

0

0

241228

0

0

241729

0

0

242229

0

0

242730

0

0

243230

0

0

243731

0

0

244231

0

0

244732

0

0

245232

0

0

245733

0

0

246233

0

0

246733

0

0

247234

0

0

247735

0

0

248236

0

0

248735

0

0

249236

0

0

249737

0

0

250238

0

0

250737

0

0

251238

0

0

251739

0

0

252240

0

0

252739

0

0

253240

0

0

253741

0

0

254241

0

0

254741

0

0

255242

0

0

255743

0

0

256243

0

0

256744

0

0

257244

0

0

257745

0

0

258245

0

0

258746

0

0

259246

0

0

259746

0

0

260247

0

0

260748

0

0

261248

0

0

261748

0

0

262249

0

0

262750

0

0

263250

0

0

263750

0

0

264251

0

0

264752

0

0

265253

0

0

265752

0

0

266253

0

0

266754

0

0

267254

0

0

267754

0

0

268255

0

0

268756

0

0

269256

0

0

269756

0

0

270257

0

0

270758

0

0

271258

0

0

271758

0

0

272259

0

0

272759

0

0

273260

0

0

273761

0

0

274261

0

0

274761

0

0

275262

0

0

275763

0

0

276263

0

0

276763

0

0

277264

0

0

277765

0

0

278264

0

0

278765

0

0

279266

0

0

279767

0

0

280266

0

0

280767

0

0

281268

0

0

281769

0

0

282269

0

0

282769

0

0

283270

0

0

283771

0

0

284271

0

0

284771

0

0

285272

0

0

285772

0

0

286273

0

0

286773

0

0

287274

0

0

287774

0

0

288275

0

0

288775

0

0

289276

0

0

289776

0

0

290277

0

0

290778

0

0

291277

0

0

291778

0

0

292279

0

0

292780

0

0

293279

0

0

293780

0

0

294281

0

0

294782

0

0

295281

0

0

295782

0

0

296283

0

0

296784

0

0

297283

0

0

297784

0

0

298285

0

0

298785

0

0

299286

0

0

299786

0

0

300287

0

0

300787

0

0

301288

0

0

301788

0

0

302289

0

0

302789

0

0

303290

0

0

303790

0

0

304290

0

0

304791

0

0

305292

0

0

305792

0

0

306292

0

0

306793

0

0

307294

0

0

307795

0

0

308294

0

0

308795

0

0

309296

0

0

309797

0

0

310296

0

0

310797

0

0

311298

0

0

311798

0

0

312298

0

0

312799

0

0

313300

0

0

313800

0

0

314300

0

0

314801

0

0

315302

0

0

315802

0

0

316303

0

0

316803

0

0

317303

0

0

317804

0

0

318305

0

0

318805

0

0

319305

0

0

319806

0

0

320307

0

0

320807

0

0

321307

0

0

321808

0

0

322309

0

0

322810

0

0

323309

0

0

323810

0

0

324311

0

0

324811

0

0

325311

0

0

325812

0

0

326313

0

0

326813

0

0

327313

0

0

327814

0

0

328315

0

0

328815

0

0

329315

0

0

329816

0

0

330316

0

0

330817

0

0

331318

0

0

331818

0

0

332318

0

0

332819

0

0

333320

0

0

333820

0

0

334320

0

0

334821

0

0

335322

0

0

335821

0

0

336322

0

0

336823

0

0

337324

0

0

337823

0

0

338324

0

0

338825

0

0

339326

0

0

339826

0

0

340326

0

0

340827

0

0

341328

0

0

341828

0

0

342328

0

0

342829

0

0

343329

0

0

343830

0

0

344330

0

0

344831

0

0

345331

0

0

345832

0

0

346332

0

0

346833

0

0

347333

0

0

347834

0

0

348335

0

0

348834

0

0

349335

0

0

349836

0

0

350337

0

0

350836

0

0

351337

0

0

351838

0

0

352339

0

0

352838

0

0

353339

0

0

353840

0

0

354341

0

0

354840

0

0

355341

0

0

355842

0

0

356342

0

0

356843

0

0

357343

0

0

357844

0

0

358344

0

0

358845

0

0

359345

0

0

359846

0

0

360346

0

0

360847

0

0

361347

0

0

361847

0

0

362348

0

0

362849

0

0

363349

0

0

363849

0

0

364350

0

0

364851

0

0

365352

0

0

365851

0

0

366352

0

0

366853

0

0

367354

0

0

367853

0

0

368354

0

0

368855

0

0

369355

0

0

369855

0

0

370356

0

0

370857

0

0

371357

0

0

371857

0

0

372358

0

0

372859

0

0

373359

0

0

373860

0

0

374360

0

0

374860

0

0

375361

0

0

375862

0

0

376362

0

0

376862

0

0

377363

0

0

377864

0

0

378364

0

0

378864

0

0

379365

0

0

379866

0

0

380365

0

0

380866

0

0

381367

0

0

381868

0

0

382368

0

0

382868

0

0

383369

0

0

383870

0

0

384370

0

0

384870

0

0

385371

0

0

385872

0

0

386372

0

0

386872

0

0

387373

0

0

387873

0

0

388374

0

0

388875

0

0

389375

0

0

389875

0

0

390376

0

0

390877

0

0

391377

0

0

391877

0

0

392378

0

0

392879

0

0

393378

0

0

393879

0

0

394380

0

0

394881

0

0

395380

0

0

395881

0

0

396382

0

0

396883

0

0

397383

0

0

397883

0

0

398384

0

0

398885

0

0

399385

0

0

399885

0

0

400386

0

0

400886

0

0

401387

0

0

401887

0

0

402388

0

0

402888

0

0

403389

0

0

403889

0

0

404390

0

0

404890

0

0

405391

0

0

405892

0

0

406391

0

0

406892

0

0

407393

0

0

407894

0

0

408393

0

0

408894

0

0

409395

0

0

409896

0

0

410395

0

0

410896

0

0

411397

0

0

411898

0

0

412397

0

0

412898

0

0

413399

0

0

413899

0

0

414400

0

0

414900

0

0

415401

0

0

415901

0

0

416402

0

0

416902

0

0

417403

0

0

417903

0

0

418404

0

0

418904

0

0

419404

0

0

419905

0

0

420406

0

0

420906

0

0

421406

0

0

421907

0

0

422408

0

0

422909

0

0

423408

0

0

423909

0

0

424410

0

0

424910

0

0

425410

0

0

425911

0

0

426412

0

0

426912

0

0

427412

0

0

427913

0

0

428414

0

0

428914

0

0

429414

0

0

429915

0

0

430416

0

0

430916

0

0

431417

0

0

431917

0

0

432417

0

0

432918

0

0

433419

0

0

433919

0

0

434419

0

0

434920

0

0

435421

0

0

435921

0

0

436421

0

0

436922

0

0

437423

0

0

437922

0

0

438423

0

0

438924

0

0

439425

0

0

439925

0

0

440425

0

0

440926

0

0

441427

0

0

441927

0

0

442427

0

0

442928

0

0

443429

0

0

443929

0

0

444429

0

0

444930

0

0

445430

0

0

445931

0

0

446432

0

0

446932

0

0

447432

0

0

447933

0

0

448434

0

0

448934

0

0

449434

0

0

449935

0

0

450436

0

0

450935

0

0

451436

0

0

451937

0

0

452438

0

0

452937

0

0

453438

0

0

453939

0

0

454440

0

0

454940

0

0

455440

0

0

455941

0

0

456442

0

0

456942

0

0

457442

0

0

457943

0

0

458443

0

0

458944

0

0

459444

0

0

459945

0

0

460445

0

0

460946

0

0

461446

0

0

461947

0

0

462447

0

0

462948

0

0

463449

0

0

463948

0

0

464449

0

0

464950

0

0

465451

0

0

465950

0

0

466451

0

0

466952

0

0

467453

0

0

467952

0

0

468453

0

0

468954

0

0

469454

0

0

469954

0

0

470455

0

0

470956

0

0

471456

0

0

471957

0

0

472457

0

0

472958

0

0

473458

0

0

473959

0

0

474459

0

0

474960

0

0

475460

0

0

475961

0

0

476461

0

0

476961

0

0

477462

0

0

477963

0

0

478463

0

0

478963

0

0

479464

0

0

479965

0

0

480466

0

0

480965

0

0

481466

0

0

481967

0

0

482467

0

0

482967

0

0

483468

0

0

483969

0

0

484469

0

0

484969

0

0

485470

0

0

485971

0

0

486471

0

0

486971

0

0

487472

0

0

487973

0

0

488473

0

0

488974

0

0

489474

0

0

489974

0

0

490475

0

0

490976

0

0

491476

0

0

491976

0

0

492477

0

0

492978

0

0

493478

0

0

493978

0

0

494479

0

0

494980

0

0

495480

0

0

495980

0

0

496481

0

0

496982

0

0

497482

0

0

497982

0

0

498483

0

0

498984

0

0

499484

0

0

499984

0

0

500485

0

0

500986

0

0

501486

0

0

501986

0

0

502487

0

0

502987

0

0

503488

0

0

503989

0

0

504489

0

0

504989

0

0

505490

0

0

505991

0

0

506491

0

0

506991

0

0

507492

0

0

507993

0

0

508492

0

0

508993

0

0

509494

0

0

509995

0

0

510494

0

0

510995

0

0

511496

0

0

511997

0

0

512497

0

0

512997

0

0

513498

0

0

513998

0

0

514499

0

0

514999

0

0

515500

0

0

516000

0

0

516501

0

0

517001

0

0

517502

0

0

518002

0

0

518503

0

0

519004

0

0

519504

0

0

520004

0

0

520505

0

0

521006

0

0

521505

0

0

522006

0

0

522507

0

0

523008

0

0

523507

0

0

524008

0

0

524509

0

0

525010

0

0

525509

0

0

526010

0

0

526511

0

0

527011

0

0

527512

0

0

528012

0

0

528513

0

0

529013

0

0

529514

0

0

530014

0

0

530515

0

0

531015

0

0

531516

0

0

532016

0

0

532517

0

0

533017

0

0

533518

0

0

534018

0

0

534518

0

0

535019

0

0

535520

0

0

536021

0

0

536520

0

0

537021

0

0

537522

0

0

538023

0

0

538522

0

0

539023

0

0

539524

0

0

540024

0

0

540524

0

0

541025

0

0

541526

0

0

542026

0

0

542526

0

0

543027

0

0

543528

0

0

544028

0

0

544529

0

0

545029

0

0

545530

0

0

546030

0

0

546531

0

0

547031

0

0

547531

0

0

548032

0

0

548533

0

0

549033

0

0

549533

0

0

550034

0

0

550535

0

0

551036

0

0

551535

0

0

552036

0

0

552537

0

0

553037

0

0

553537

0

0

554038

0

0

554539

0

0

555039

0

0

555539

0

0

556040

0

0

556541

0

0

557041

0

0

557541

0

0

558042

0

0

558542

0

0

559043

0

0

559544

0

0

560044

0

0

560544

0

0

561045

0

0

561546

0

0

562046

0

0

562546

0

0

563047

0

0

563548

0

0

564048

0

0

564548

0

0

565049

0

0

565550

0

0

566049

0

0

566550

0

0

567051

0

0

567552

0

0

568052

0

0

568552

0

0

569053

0

0

569554

0

0

570054

0

0

570554

0

0

571055

0

0

571555

0

0

572056

0

0

572556

0

0

573057

0

0

573557

0

0

574058

0

0

574559

0

0

575059

0

0

575559

0

0

576060

0

0

576561

0

0

577061

0

0

577561

0

0

578062

0

0

578563

0

0

579062

0

0

579563

0

0

580064

0

0

580565

0

0

581064

0

0

581565

0

0

582066

0

0

582567

0

0

583067

0

0

583567

0

0

584068

0

0

584568

0

0

585069

0

0

585569

0

0

586070

0

0

586570

0

0

587071

0

0

587571

0

0

588072

0

0

588572

0

0

589073

0

0

589573

0

0

590074

0

0

590574

0

0

591075

0

0

591576

0

0

592075

0

0

592576

0

0

593077

0

0

593578

0

0

594077

0

0

594578

0

0

595079

0

0

595580

0

0

596079

0

0

596580

0

0

597081

0

0

597581

0

0

598081

0

0

598582

0

0

599083

0

0

599583

0

0

600084

0

0

600584

0

0

601085

0

0

601585

0

0

602086

0

0

602586

0

0

603086

0

0

603587

0

0

604088

0

0

604588

0

0

605088

0

0

605589

0

0

606090

0

0

606590

0

0

607090

0

0

607591

0

0

608092

0

0

608593

0

0

609092

0

0

609593

0

0

610094

0

0

610594

0

0

611094

0

0

611595

0

0

612096

0

0

612596

0

0

613096

0

0

613597

0

0

614098

0

0

614598

0

0

615099

0

0

615599

0

0

616099

0

0

616600

0

0

617101

0

0

617601

0

0

618101

0

0

618602

0

0

619103

0

0

619603

0

0

620103

0

0

620604

0

0

621105

0

0

621605

0

0

622105

0

0

622606

0

0

623107

0

0

623607

0

0

624107

0

0

624608

0

0

625109

0

0

625609

0

0

626109

0

0

626610

0

0

627111

0

0

627611

0

0

628111

0

0

628612

0

0

629112

0

0

629613

0

0

630114

0

0

630614

0

0

631114

0

0

631615

0

0

632116

0

0

632616

0

0

633116

0

0

633617

0

0

634118

0

0

634618

0

0

635118

0

0

635619

0

0

636120

0

0

636619

0

0

637120

0

0

637621

0

0

638122

0

0

638622

0

0

639122

0

0

639623

0

0

640124

0

0

640624

0

0

641124

0

0

641625

0

0

642125

0

0

642626

0

0

643126

0

0

643627

0

0

644127

0

0

644628

0

0

645128

0

0

645629

0

0

646129

0

0

646630

0

0

647131

0

0

647630

0

0

648131

0

0

648632

0

0

649133

0

0

649632

0

0

650133

0

0

650634

0

0

651135

0

0

651634

0

0

652135

0

0

652636

0

0

653137

0

0

653636

0

0

654137

0

0

654638

0

0

655138

0

0

655639

0

0

656139

0

0

656640

0

0

657140

0

0

657641

0

0

658141

0

0

658642

0

0

659142

0

0

659643

0

0

660143

0

0

660643

0

0

661144

0

0

661645

0

0

662145

0

0

662645

0

0

663146

0

0

663647

0

0

664148

0

0

664647

0

0

665148

0

0

665649

0

0

666150

0

0

666649

0

0

667150

0

0

667651

0

0

668151

0

0

668651

0

0

669152

0

0

669653

0

0

670153

0

0

670653

0

0

671154

0

0

671655

0

0

672155

0

0

672656

0

0

673156

0

0

673656

0

0

674157

0

0

674658

0

0

675158

0

0

675658

0

0

676159

0

0

676660

0

0

677160

0

0

677660

0

0

678161

0

0

678662

0

0

679162

0

0

679662

0

0

680163

0

0

680664

0

0

681164

0

0

681664

0

0

682165

0

0

682666

0

0

683166

0

0

683666

0

0

684167

0

0

684668

0

0

685168

0

0

685668

0

0

686169

0

0

686669

0

0

687170

0

0

687670

0

0

688171

0

0

688671

0

0

689172

0

0

689673

0

0

690173

0

0

690673

0

0

691174

0

0

691675

0

0

692174

0

0

692675

0

0

693176

0

0

693677

0

0

694176

0

0

694677

0

0

695178

0

0

695679

0

0

696179

0

0

696679

0

0

697180

0

0

697681

0

0

698181

0

0

698681

0

0

699182

0

0

699682

0

0

700183

0

0

700683

0

0

701184

0

0

701684

0

0

702185

0

0

702685

0

0

703186

0

0

703686

0

0

704187

0

0

704688

0

0

705187

0

0

705688

0

0

706189

0

0

706690

0

0

707189

0

0

707690

0

0

708191

0

0

708692

0

0

709191

0

0

709692

0

0

710193

0

0

710694

0

0

711193

0

0

711694

0

0

712195

0

0

712695

0

0

713196

0

0

713696

0

0

714197

0

0

714697

0

0

715198

0

0

715698

0

0

716199

0

0

716699

0

0

717200

0

0

717700

0

0

718200

0

0

718701

0

0

719202

0

0

719703

0

0

720202

0

0

720703

0

0

721204

0

0

721705

0

0

722204

0

0

722705

0

0

723206

0

0

723707

0

0

724206

0

0

724707

0

0

725208

0

0

725708

0

0

726208

0

0

726709

0

0

727210

0

0

727710

0

0

728211

0

0

728711

0

0

729212

0

0

729712

0

0

730213

0

0

730713

0

0

731213

0

0

731714

0

0

732215

0

0

732715

0

0

733215

0

0

733716

0

0

734217

0

0

734717

0

0

735217

0

0

735718

0

0

736219

0

0

736720

0

0

737219

0

0

737720

0

0

738221

0

0

738721

0

0

739221

0

0

739722

0

0

740223

0

0

740723

0

0

741223

0

0

741724

0

0

742225

0

0

742725

0

0

743226

0

0

743726

0

0

744226

0

0

744727

0

0

745228

0

0

745728

0

0

746228

0

0

746729

0

0

747230

0

0

747730

0

0

748230

0

0

748731

0

0

749232

0

0

749731

0

0

750232

0

0

750733

0

0

751234

0

0

751734

0

0

752234

0

0

752735

0

0

753236

0

0

753736

0

0

754236

0

0

754737

0

0

755238

0

0

755738

0

0

756238

0

0

756739

0

0

757239

0

0

757740

0

0

758240

0

0

758741

0

0

759241

0

0

759742

0

0

760243

0

0

760743

0

0

761243

0

0

761744

0

0

762245

0

0

762744

0

0

763245

0

0

763746

0

0

764247

0

0

764746

0

0

765247

0

0

765748

0

0

766249

0

0

766749

0

0

767249

0

0

767750

0

0

768251

0

0

768751

0

0

769251

0

0

769752

0

0

770252

0

0

770753

0

0

771253

0

0

771754

0

0

772254

0

0

772755

0

0

773255

0

0

773756

0

0

774256

0

0

774757

0

0

775258

0

0

775757

0

0

776258

0

0

776759

0

0

777260

0

0

777759

0

0

778260

0

0

778761

0

0

779262

0

0

779761

0

0

780262

0

0

780763

0

0

781264

0

0

781763

0

0

782264

0

0

782765

0

0

783265

0

0

783766

0

0

784266

0

0

784767

0

0

785267

0

0

785768

0

0

786268

0

0

786769

0

0

787269

0

0

787770

0

0

788270

0

0

788770

0

0

789271

0

0

789772

0

0

790273

0

0

790772

0

0

791273

0

0

791774

0

0

792275

0

0

792774

0

0

793275

0

0

793776

0

0

794277

0

0

794776

0

0

795277

0

0

795778

0

0

796278

0

0

796778

0

0

797279

0

0

797780

0

0

798280

0

0

798781

0

0

799281

0

0

799782

0

0

800282

0

0

800783

0

0

801283

0

0

801783

0

0

802284

0

0

802785

0

0

803285

0

0

803785

0

0

804286

0

0

804787

0

0

805287

0

0

805787

0

0

806288

0

0

806789

0

0

807290

0

0

807789

0

0

808290

0

0

808791

0

0

809291

0

0

809791

0

0

810292

0

0

810793

0

0

811293

0

0

811793

0

0

812294

0

0

812795

0

0

813295

0

0

813796

0

0

814296

0

0

814796

0

0

815297

0

0

815798

0

0

816298

0

0

816798

0

0

817299

0

0

817800

0

0

818300

0

0

818800

0

0

819301

0

0

819802

0

0

820301

0

0

820802

0

0

821303

0

0

821804

0

0

822304

0

0

822804

0

0

823305

0

0

823806

0

0

824306

0

0

824806

0

0

825307

0

0

825808

0

0

826308

0

0

826808

0

0

827309

0

0

827809

0

0

828310

0

0

828810

0

0

829311

0

0

829811

0

0

830312

0

0

830813

0

0

831313

0

0

831813

0

0

832314

0

0

832815

0

0

833314

0

0

833815

0

0

834316

0

0

834817

0

0

835316

0

0

835817

0

0

836318

0

0

836819

0

0

837318

0

0

837819

0

0

838320

0

0

838821

0

0

839321

0

0

839821

0

0

840322

0

0

840822

0

0

841323

0

0

841823

0

0

842324

0

0

842824

0

0

843325

0

0

843825

0

0

844326

0

0

844826

0

0

845327

0

0

845827

0

0

846327

0

0

846828

0

0

847329

0

0

847830

0

0

848329

0

0

848830

0

0

849331

0

0

849832

0

0

850331

0

0

850832

0

0

851333

0

0

851834

0

0

852333

0

0

852834

0

0

853335

0

0

853835

0

0

854335

0

0

854836

0

0

855337

0

0

855837

0

0

856338

0

0

856838

0

0

857339

0

0

857839

0

0

858340

0

0

858840

0

0

859340

0

0

859841

0

0

860342

0

0

860842

0

0

861342

0

0

861843

0

0

862344

0

0

862844

0

0

863344

0

0

863845

0

0

864346

0

0

864846

0

0

865346

0

0

865847

0

0

866348

0

0

866848

0

0

867348

0

0

867849

0

0

868350

0

0

868850

0

0

869350

0

0

869851

0

0

870352

0

0

870852

0

0

871352

0

0

871853

0

0

872353

0

0

872854

0

0

873355

0

0

873855

0

0

874355

0

0

874856

0

0

875357

0

0

875857

0

0

876357

0

0

876858

0

0

877359

0

0

877858

0

0

878359

0

0

878860

0

0

879361

0

0

879861

0

0

880361

0

0

880862

0

0

881363

0

0

881863

0

0

882363

0

0

882864

0

0

883365

0

0

883865

0

0

884365

0

0

884866

0

0

885366

0

0

885867

0

0

886367

0

0

886868

0

0

887368

0

0

887869

0

0

888370

0

0

888870

0

0

889370

0

0

889871

0

0

890372

0

0

890871

0

0

891372

0

0

891873

0

0

892374

0

0

892873

0

0

893374

0

0

893875

0

0

894376

0

0

894875

0

0

895376

0

0

895877

0

0

896378

0

0

896878

0

0

897378

0

0

897879

0

0

898379

0

0

898880

0

0

899380

0

0

899881

0

0

900381

0

0

900882

0

0

901382

0

0

901883

0

0

902383

0

0

902884

0

0

903385

0

0

903884

0

0

904385

0

0

904886

0

0

905387

0

0

905886

0

0

906387

0

0

906888

0

0

907389

0

0

907888

0

0

908389

0

0

908890

0

0

909390

0

0

909890

0

0

910391

0

0

910892

0

0

911392

0

0

911893

0

0

912393

0

0

912894

0

0

913394

0

0

913895

0

0

914395

0

0

914896

0

0

915396

0

0

915897

0

0

916397

0

0

916897

0

0

917398

0

0

917899

0

0

918399

0

0

918899

0

0

919400

0

0

919901

0

0

920402

0

0

920901

0

0

921402

0

0

921903

0

0

922403

0

0

922903

0

0

923404

0

0

923905

0

0

924405

0

0

924905

0

0

925406

0

0

925907

0

0

926407

0

0

926908

0

0

927408

0

0

927909

0

0

928409

0

0

928910

0

0

929410

0

0

929910

0

0

930411

0

0

930912

0

0

931412

0

0

931912

0

0

932413

0

0

932914

0

0

933414

0

0

933914

0

0

934415

0

0

934916

0

0

935416

0

0

935916

0

0

936417

0

0

936918

0

0

937418

0

0

937918

0

0

938419

0

0

938920

0

0

939420

0

0

939920

0

0

940421

0

0

940922

0

0

941422

0

0

941922

0

0

942423

0

0

942923

0

0

943424

0

0

943925

0

0

944425

0

0

944925

0

0

945426

0

0

945927

0

0

946427

0

0

946927

0

0

947428

0

0

947929

0

0

948428

0

0

948929

0

0

949430

0

0

949931

0

0

950431

0

0

950931

0

0

951432

0

0

951933

0

0

952433

0

0

952933

0

0

953434

0

0

953934

0

0

954435

0

0

954935

0

0

955436

0

0

955936

0

0

956437

0

0

956937

0

0

957438

0

0

957938

0

0

958439

0

0

958940

0

0

959440

0

0

959940

0

0

960441

0

0

960942

0

0

961441

0

0

961942

0

0

962443

0

0

962944

0

0

963443

0

0

963944

0

0

964445

0

0

964946

0

0

965445

0

0

965946

0

0

966447

0

0

966947

0

0

967448

0

0

967948

0

0

968449

0

0

968949

0

0

969450

0

0

969950

0

0

970451

0

0

970951

0

0

971452

0

0

971952

0

0

972453

0

0

972953

0

0

973454

0

0

973955

0

0

974454

0

0

974955

0

0

975456

0

0

975957

0

0

976456

0

0

976957

0

0

977458

0

0

977959

0

0

978458

0

0

978959

0

0

979460

0

0

979960

0

0

980460

0

0

980961

0

0

981462

0

0

981962

0

0

982463

0

0

982963

0

0

983464

0

0

983964

0

0

984465

0

0

984965

0

0

985466

0

0

985966

0

0

986467

0

0

986967

0

0

987467

0

0

987968

0

0

988469

0

0

988969

0

0

989469

0

0

989970

0

0

990471

0

0

990972

0

0

991471

0

0

991972

0

0

992473

0

0

992973

0

0

993473

0

0

993974

0

0

994475

0

0

994975

0

0

995475

0

0

995976

0

0

996477

0

0

996977

0

0

997478

0

0

997978

0

0

998478

0

0

998979

0

0

999480

0

0

999980

0

0

1000480

0

0

1000981

0

0

1001482

0

0

1001983

0

0

1002482

0

0

1002983

0

0

1003484

0

0

1003985

0

0

1004485

0

0

1004985

0

0

1005486

0

0

1005986

0

0

1006487

0

0

1006988

0

0

1007488

0

0

1007988

0

0

1008489

0

0

1008990

0

0

1009491

0

0

1009990

0

0

1010491

0

0

1010992

0

0

1011493

0

0

1011993

0

0

1012494

0

0

1012994

0

0

1013494

0

0

1013995

0

0

1014496

0

0

1014997

0

0

1015496

0

0

1015997

0

0

1016498

0

0

1016999

0

0

1017499

0

0

1017999

0

0

1018500

0

0

1019000

0

0

1019501

0

0

1020002

0

0

1020502

0

0

1021002

0

0

1021503

0

0

1022004

0

0

1022505

0

0

1023005

0

0

1023505

0

0

1024006

0

0

1024507

0

0

1025007

0

0

1025508

0

0

1026008

0

0

1026508

0

0

1027009

0

0

1027510

0

0

1028011

0

0

1028510

0

0

1029011

0

0

1029512

0

0

1030013

0

0

1030513

0

0

1031013

0

0

1031514

0

0

1032014

0

0

1032515

0

0

1033016

0

0

1033517

0

0

1034016

0

0

1034517

0

0

1035018

0

0

1035519

0

0

1036019

0

0

1036519

0

0

1037020

0

0

1037521

0

0

1038021

0

0

1038522

0

0

1039022

0

0

1039522

0

0

1040023

0

0

1040524

0

0

1041025

0

0

1041524

0

0

1042025

0

0

1042526

0

0

1043027

0

0

1043527

0

0

1044027

0

0

1044528

0

0

1045029

0

0

1045529

0

0

1046030

0

0

1046531

0

0

1047030

0

0

1047531

0

0

1048032

0

0

1048533

0

0

1049033

0

0

1049533

0

0

1050034

0

0

1050535

0

0

1051035

0

0

1051536

0

0

1052036

0

0

1052536

0

0

1053037

0

0

1053538

0

0

1054039

0

0

1054538

0

0

1055039

0

0

1055540

0

0

1056041

0

0

1056541

0

0

1057042

0

0

1057542

0

0

1058043

0

0

1058543

0

0

1059044

0

0

1059545

0

0

1060044

0

0

1060545

0

0

1061046

0

0

1061547

0

0

1062047

0

0

1062547

0

0

1063048

0

0

1063549

0

0

1064049

0

0

1064550

0

0

1065050

0

0

1065550

0

0

1066051

0

0

1066552

0

0

1067053

0

0

1067552

0

0

1068053

0

0

1068554

0

0

1069055

0

0

1069555

0

0

1070056

0

0

1070556

0

0

1071057

0

0

1071557

0

0

1072058

0

0

1072559

0

0

1073058

0

0

1073559

0

0

1074060

0

0

1074561

0

0

1075061

0

0

1075561

0

0

1076062

0

0

1076563

0

0

1077063

0

0

1077564

0

0

1078064

0

0

1078565

0

0

1079065

0

0

1079566

0

0

1080067

0

0

1080567

0

0

1081067

0

0

1081568

0

0

1082069

0

0

1082569

0

0

1083070

0

0

1083570

0

0

1084071

0

0

1084571

0

0

1085072

0

0

1085573

0

0

1086072

0

0

1086573

0

0

1087074

0

0

1087575

0

0

1088075

0

0

1088575

0

0

1089076

0

0

1089577

0

0

1090077

0

0

1090578

0

0

1091079

0

0

1091579

0

0

1092079

0

0

1092580

0

0

1093081

0

0

1093581

0

0

1094081

0

0

1094582

0

0

1095083

0

0

1095583

0

0

1096084

