1

1

0

1

1

500

1

1

1000

1

1

1501

1

1

2002

1

1

2501

1

1

3002

1

1

3503

1

1

4002

1

1

4503

1

1

5004

1

1

5504

1

1

6004

1

1

6505

1

1

7006

1

1

7506

1

1

8006

1

1

8507

1

1

9007

1

1

9507

1

1

10008

1

1

10508

1

1

11009

1

1

11509

1

1

12009

1

1

12510

1

1

13011

1

1

13511

1

1

14011

1

1

14512

1

1

15013

1

1

15513

1

1

16013

1

1

16514

1

1

17014

1

1

17514

1

1

18015

1

1

18516

1

1

19016

1

1

19516

1

1

20017

1

1

20518

1

1

21017

1

1

21518

1

1

22019

1

1

22519

1

1

23019

1

1

23520

1

1

24021

1

1

24521

1

1

25021

1

1

25522

1

1

26023

1

1

26522

1

1

27023

1

1

27524

1

1

28024

1

1

28524

1

1

29025

1

1

29526

1

1

30025

1

1

30526

1

1

31027

1

1

31528

1

1

32027

1

1

32528

1

1

33029

1

1

33530

1

1

34029

1

1

34530

1

1

35031

1

1

35530

1

1

36031

1

1

36532

1

1

37033

1

1

37532

1

1

38033

1

1

38534

1

1

39034

1

1

39534

1

1

40035

1

1

40536

1

1

41035

1

1

41536

1

1

42037

1

1

42538

1

1

43037

1

1

43538

1

1

44039

1

1

44539

1

1

45039

1

1

45540

1

1

46041

1

1

46540

1

1

47041

1

1

47542

1

1

48042

1

1

48542

1

1

49043

1

1

49544

1

1

50044

1

1

50544

1

1

51045

1

1

51546

1

1

52045

1

1

52546

1

1

53047

1

1

53547

1

1

54047

1

1

54548

1

1

55049

1

1

55549

1

1

56049

1

1

56550

1

1

57050

1

1

57550

1

1

58051

1

1

58552

1

1

59052

1

1

59552

1

1

60053

1

1

60554

1

1

61054

1

1

61554

1

1

62055

1

1

62555

1

1

63056

1

1

63556

1

1

64057

1

1

64557

1

1

65057

1

1

65558

1

1

66058

1

1

66559

1

1

67059

1

1

67560

1

1

68060

1

1

68561

1

1

69061

1

1

69562

1

1

70062

1

1

70562

1

1

71063

1

1

71563

1

1

72064

1

1

72564

1

1

73065

1

1

73565

1

1

74066

1

1

74566

1

1

75066

1

1

75567

1

1

76067

1

1

76568

1

1

77068

1

1

77569

1

1

78069

1

1

78570

1

1

79070

1

1

79571

1

1

80071

1

1

80571

1

1

81072

1

1

81573

1

1

82073

1

1

82573

1

1

83074

1

1

83574

1

1

84075

1

1

84575

1

1

85076

1

1

85576

1

1

86076

1

1

86577

1

1

87078

1

1

87578

1

1

88078

1

1

88579

1

1

89079

1

1

89579

1

1

90080

1

1

90581

1

1

91081

1

1

91581

1

1

92082

1

1

92583

1

1

93083

1

1

93583

1

1

94084

1

1

94584

1

1

95084

1

1

95585

1

1

96086

1

1

96586

1

1

97086

1

1

97587

1

1

98088

1

1

98587

1

1

99088

1

1

99589

1

1

100090

1

1

100589

1

1

101090

1

1

101591

1

1

102091

1

1

102591

1

1

103092

1

1

103593

1

1

104093

1

1

104594

1

1

105094

1

1

105595

1

1

106095

1

1

106596

1

1

107096

1

1

107596

1

1

108097

1

1

108598

1

1

109098

1

1

109598

1

1

110099

1

1

110600

1

1

111100

1

1

111600

1

1

112101

1

1

112602

1

1

113102

1

1

113602

1

1

114103

1

1

114604

1

1

115104

1

1

115604

1

1

116105

1

1

116606

1

1

117106

1

1

117606

1

1

118107

1

1

118608

1

1

119108

1

1

119608

1

1

120109

1

1

120609

1

1

121110

1

1

121611

1

1

122111

1

1

122611

1

1

123112

1

1

123613

1

1

124113

1

1

124613

1

1

125114

1

1

125615

1

1

126114

1

1

126615

1

1

127116

1

1

127617

1

1

128117

1

1

128617

1

1

129118

1

1

129619

1

1

130119

1

1

130619

1

1

131120

1

1

131621

1

1

132121

1

1

132621

1

1

133122

1

1

133622

1

1

134123

1

1

134623

1

1

135124

1

1

135624

1

1

136125

1

1

136626

1

1

137126

1

1

137626

1

1

138127

1

1

138628

1

1

139127

1

1

139628

1

1

140129

1

1

140630

1

1

141129

1

1

141630

1

1

142131

1

1

142632

1

1

143131

1

1

143632

1

1

144133

1

1

144634

1

1

145134

1

1

145634

1

1

146135

1

1

146635

1

1

147136

1

1

147636

1

1

148137

1

1

148637

1

1

149138

1

1

149638

1

1

150139

1

1

150639

1

1

151140

1

1

151641

1

1

152140

1

1

152641

1

1

153142

1

1

153643

1

1

154142

1

1

154643

1

1

155144

1

1

155645

1

1

156144

1

1

156645

1

1

157146

1

1

157646

1

1

158146

1

1

158647

1

1

159148

1

1

159648

1

1

160149

1

1

160649

1

1

161150

1

1

161650

1

1

162151

1

1

162651

1

1

163152

1

1

163652

1

1

164153

1

1

164653

1

1

165153

1

1

165654

1

1

166155

1

1

166656

1

1

167155

1

1

167656

1

1

168157

1

1

168658

1

1

169157

1

1

169658

1

1

170159

1

1

170659

1

1

171159

1

1

171660

1

1

172161

1

1

172661

1

1

173162

1

1

173662

1

1

174163

1

1

174663

1

1

175164

1

1

175664

1

1

176165

1

1

176665

1

1

177166

1

1

177666

1

1

178166

1

1

178667

1

1

179168

1

1

179668

1

1

180168

1

1

180669

1

1

181170

1

1

181671

1

1

182170

1

1

182671

1

1

183172

1

1

183672

1

1

184172

1

1

184673

1

1

185174

1

1

185674

1

1

186174

1

1

186675

1

1

187176

1

1

187676

1

1

188176

1

1

188677

1

1

189178

1

1

189678

1

1

190179

1

1

190679

1

1

191179

1

1

191680

1

1

192181

1

1

192681

1

1

193181

1

1

193682

1

1

194183

1

1

194683

1

1

195183

1

1

195684

1

1

196185

1

1

196685

1

1

197185

1

1

197686

1

1

198187

1

1

198687

1

1

199187

1

1

199688

1

1

200189

1

1

200689

1

1

201189

1

1

201690

1

1

202190

1

1

202691

1

1

203191

1

1

203692

1

1

204192

1

1

204693

1

1

205194

1

1

205694

1

1

206194

1

1

206695

1

1

207196

1

1

207696

1

1

208196

1

1

208697

1

1

209198

1

1

209697

1

1

210198

1

1

210699

1

1

211200

1

1

211700

1

1

212200

1

1

212701

1

1

213202

1

1

213702

1

1

214202

1

1

214703

1

1

215203

1

1

215704

1

1

216204

1

1

216705

1

1

217205

1

1

217706

1

1

218206

1

1

218707

1

1

219207

1

1

219708

1

1

220209

1

1

220709

1

1

221209

1

1

221710

1

1

222211

1

1

222710

1

1

223211

1

1

223712

1

1

224213

1

1

224712

1

1

225213

1

1

225714

1

1

226215

1

1

226714

1

1

227215

1

1

227716

1

1

228216

1

1

228717

1

1

229217

1

1

229718

1

1

230218

1

1

230719

1

1

231219

1

1

231720

1

1

232220

1

1

232721

1

1

233221

1

1

233722

1

1

234222

1

1

234723

1

1

235224

1

1

235723

1

1

236224

1

1

236725

1

1

237226

1

1

237725

1

1

238226

1

1

238727

1

1

239228

1

1

239727

1

1

240228

1

1

240729

1

1

241229

1

1

241730

1

1

242230

1

1

242731

1

1

243231

1

1

243732

1

1

244232

1

1

244733

1

1

245233

1

1

245734

1

1

246234

1

1

246734

1

1

247235

1

1

247736

1

1

248236

1

1

248736

1

1

249237

1

1

249738

1

1

250239

1

1

250738

1

1

251239

1

1

251740

1

1

252241

1

1

252740

1

1

253241

1

1

253742

1

1

254242

1

1

254742

1

1

255243

1

1

255744

1

1

256244

1

1

256744

1

1

257245

1

1

257746

1

1

258246

1

1

258747

1

1

259247

1

1

259747

1

1

260248

1

1

260749

1

1

261249

1

1

261749

1

1

262250

1

1

262751

1

1

263251

1

1

263751

1

1

264252

1

1

264753

1

1

265254

1

1

265753

1

1

266254

1

1

266755

1

1

267255

1

1

267755

1

1

268256

1

1

268757

1

1

269257

1

1

269757

1

1

270258

1

1

270759

1

1

271259

1

1

271759

1

1

272260

1

1

272760

1

1

273261

1

1

273762

1

1

274262

1

1

274762

1

1

275263

1

1

275764

1

1

276264

1

1

276764

1

1

277265

1

1

277766

1

1

278266

1

1

278766

1

1

279267

1

1

279768

1

1

280268

1

1

280768

1

1

281269

1

1

281770

1

1

282270

1

1

282770

1

1

283271

1

1

283772

1

1

284272

1

1

284772

1

1

285273

1

1

285773

1

1

286274

1

1

286775

1

1

287275

1

1

287775

1

1

288276

1

1

288777

1

1

289277

1

1

289777

1

1

290278

1

1

290779

1

1

291278

1

1

291779

1

1

292280

1

1

292781

1

1

293280

1

1

293781

1

1

294282

1

1

294783

1

1

295283

1

1

295783

1

1

296284

1

1

296785

1

1

297285

1

1

297785

1

1

298286

1

1

298786

1

1

299287

1

1

299787

1

1

300288

1

1

300788

1

1

301289

1

1

301789

1

1

302290

1

1

302790

1

1

303291

1

1

303792

1

1

304291

1

1

304792

1

1

305293

1

1

305794

1

1

306293

1

1

306794

1

1

307295

1

1

307796

1

1

308295

1

1

308796

1

1

309297

1

1

309798

1

1

310298

1

1

310798

1

1

311299

1

1

311799

1

1

312300

1

1

312800

1

1

313301

1

1

313801

1

1

314302

1

1

314802

1

1

315303

1

1

315803

1

1

316304

1

1

316805

1

1

317304

1

1

317805

1

1

318306

1

1

318807

1

1

319306

1

1

319807

1

1

320308

1

1

320809

1

1

321308

1

1

321809

1

1

322310

1

1

322811

1

1

323310

1

1

323811

1

1

324312

1

1

324812

1

1

325313

1

1

325813

1

1

326314

1

1

326814

1

1

327315

1

1

327815

1

1

328316

1

1

328816

1

1

329317

1

1

329817

1

1

330317

1

1

330818

1

1

331319

1

1

331820

1

1

332319

1

1

332820

1

1

333321

1

1

333822

1

1

334321

1

1

334822

1

1

335323

1

1

335824

1

1

336323

1

1

336824

1

1

337325

1

1

337825

1

1

338325

1

1

338826

1

1

339327

1

1

339827

1

1

340328

1

1

340828

1

1

341329

1

1

341829

1

1

342330

1

1

342830

1

1

343330

1

1

343831

1

1

344332

1

1

344832

1

1

345332

1

1

345833

1

1

346334

1

1

346835

1

1

347334

1

1

347835

1

1

348336

1

1

348837

1

1

349336

1

1

349837

1

1

350338

1

1

350838

1

1

351338

1

1

351839

1

1

352340

1

1

352840

1

1

353340

1

1

353841

1

1

354342

1

1

354842

1

1

355343

1

1

355843

1

1

356343

1

1

356844

1

1

357345

1

1

357845

1

1

358345

1

1

358846

1

1

359347

1

1

359847

1

1

360347

1

1

360848

1

1

361349

1

1

361850

1

1

362349

1

1

362850

1

1

363351

1

1

363851

1

1

364351

1

1

364852

1

1

365353

1

1

365853

1

1

366353

1

1

366854

1

1

367355

1

1

367855

1

1

368355

1

1

368856

1

1

369356

1

1

369857

1

1

370358

1

1

370858

1

1

371358

1

1

371859

1

1

372360

1

1

372860

1

1

373360

1

1

373861

1

1

374362

1

1

374861

1

1

375362

1

1

375863

1

1

376364

1

1

376864

1

1

377364

1

1

377865

1

1

378366

1

1

378866

1

1

379366

1

1

379867

1

1

380368

1

1

380868

1

1

381368

1

1

381869

1

1

382369

1

1

382870

1

1

383370

1

1

383871

1

1

384371

1

1

384872

1

1

385373

1

1

385873

1

1

386373

1

1

386874

1

1

387375

1

1

387874

1

1

388375

1

1

388876

1

1

389377

1

1

389876

1

1

390377

1

1

390878

1

1

391379

1

1

391879

1

1

392379

1

1

392880

1

1

393381

1

1

393881

1

1

394381

1

1

394882

1

1

395382

1

1

395883

1

1

396383

1

1

396884

1

1

397384

1

1

397885

1

1

398386

1

1

398886

1

1

399386

1

1

399887

1

1

400388

1

1

400887

1

1

401388

1

1

401889

1

1

402390

1

1

402889

1

1

403390

1

1

403891

1

1

404392

1

1

404891

1

1

405392

1

1

405893

1

1

406394

1

1

406894

1

1

407394

1

1

407895

1

1

408395

1

1

408896

1

1

409396

1

1

409897

1

1

410397

1

1

410898

1

1

411398

1

1

411899

1

1

412399

1

1

412900

1

1

413401

1

1

413900

1

1

414401

1

1

414902

1

1

415403

1

1

415902

1

1

416403

1

1

416904

1

1

417405

1

1

417904

1

1

418405

1

1

418906

1

1

419406

1

1

419906

1

1

420407

1

1

420908

1

1

421408

1

1

421909

1

1

422409

1

1

422910

1

1

423410

1

1

423911

1

1

424411

1

1

424912

1

1

425412

1

1

425913

1

1

426413

1

1

426913

1

1

427414

1

1

427915

1

1

428416

1

1

428915

1

1

429416

1

1

429917

1

1

430418

1

1

430917

1

1

431418

1

1

431919

1

1

432419

1

1

432919

1

1

433420

1

1

433921

1

1

434421

1

1

434921

1

1

435422

1

1

435923

1

1

436423

1

1

436924

1

1

437424

1

1

437925

1

1

438425

1

1

438926

1

1

439426

1

1

439926

1

1

440427

1

1

440928

1

1

441428

1

1

441928

1

1

442429

1

1

442930

1

1

443431

1

1

443930

1

1

444431

1

1

444932

1

1

445432

1

1

445932

1

1

446433

1

1

446934

1

1

447434

1

1

447934

1

1

448435

1

1

448936

1

1

449436

1

1

449936

1

1

450437

1

1

450938

1

1

451438

1

1

451939

1

1

452439

1

1

452939

1

1

453440

1

1

453941

1

1

454441

1

1

454941

1

1

455442

1

1

455943

1

1

456443

1

1

456943

1

1

457444

1

1

457945

1

1

458445

1

1

458945

1

1

459446

1

1

459947

1

1

460447

1

1

460947

1

1

461448

1

1

461949

1

1

462449

1

1

462949

1

1

463450

1

1

463950

1

1

464451

1

1

464951

1

1

465452

1

1

465952

1

1

466453

1

1

466954

1

1

467454

1

1

467954

1

1

468455

1

1

468956

1

1

469456

1

1

469956

1

1

470457

1

1

470958

1

1

471457

1

1

471958

1

1

472459

1

1

472960

1

1

473460

1

1

473960

1

1

474461

1

1

474962

1

1

475462

1

1

475962

1

1

476463

1

1

476963

1

1

477464

1

1

477964

1

1

478465

1

1

478965

1

1

479466

1

1

479967

1

1

480467

1

1

480967

1

1

481468

1

1

481969

1

1

482469

1

1

482969

1

1

483470

1

1

483971

1

1

484470

1

1

484971

1

1

485472

1

1

485973

1

1

486472

1

1

486973

1

1

487474

1

1

487975

1

1

488475

1

1

488975

1

1

489476

1

1

489976

1

1

490477

1

1

490977

1

1

491478

1

1

491978

1

1

492479

1

1

492979

1

1

493480

1

1

493980

1

1

494481

1

1

494982

1

1

495482

1

1

495982

1

1

496483

1

1

496984

1

1

497483

1

1

497984

1

1

498485

1

1

498986

1

1

499485

1

1

499986

1

1

500487

1

1

500988

1

1

501487

1

1

501988

1

1

502489

1

1

502989

1

1

503490

1

1

503990

1

1

504491

1

1

504991

1

1

505492

1

1

505992

1

1

506493

1

1

506993

1

1

507494

1

1

507994

1

1

508494

1

1

508995

1

1

509496

1

1

509997

1

1

510496

1

1

510997

1

1

511498

1

1

511999

1

1

512498

1

1

512999

1

1

513500

1

1

514001

1

1

514500

1

1

515001

1

1

515502

1

1

516002

1

1

516503

1

1

517003

1

1

517504

1

1

518004

1

1

518505

1

1

519005

1

1

519506

1

1

520006

1

1

520507

1

1

521007

1

1

521507

1

1

522008

1

1

522509

1

1

523009

1

1

523509

1

1

524010

1

1

524511

1

1

525012

1

1

525511

1

1

526012

1

1

526513

1

1

527014

1

1

527513

1

1

528014

1

1

528515

1

1

529015

1

1

529515

1

1

530016

1

1

530517

1

1

531017

1

1

531518

1

1

532018

1

1

532519

1

1

533019

1

1

533520

1

1

534020

1

1

534520

1

1

535021

1

1

535522

1

1

536022

1

1

536522

1

1

537023

1

1

537524

1

1

538024

1

1

538524

1

1

539025

1

1

539526

1

1

540027

1

1

540526

1

1

541027

1

1

541528

1

1

542028

1

1

542528

1

1

543029

1

1

543530

1

1

544030

1

1

544530

1

1

545031

1

1

545532

1

1

546032

1

1

546533

1

1

547033

1

1

547533

1

1

548034

1

1

548535

1

1

549035

1

1

549535

1

1

550036

1

1

550537

1

1

551037

1

1

551537

1

1

552038

1

1

552539

1

1

553040

1

1

553539

1

1

554040

1

1

554541

1

1

555041

1

1

555541

1

1

556042

1

1

556543

1

1

557043

1

1

557543

1

1

558044

1

1

558545

1

1

559045

1

1

559546

1

1

560046

1

1

560546

1

1

561047

1

1

561548

1

1

562048

1

1

562548

1

1

563049

1

1

563550

1

1

564050

1

1

564550

1

1

565051

1

1

565552

1

1

566051

1

1

566552

1

1

567053

1

1

567554

1

1

568054

1

1

568554

1

1

569055

1

1

569556

1

1

570056

1

1

570556

1

1

571057

1

1

571558

1

1

572058

1

1

572558

1

1

573059

1

1

573559

1

1

574060

1

1

574561

1

1

575061

1

1

575561

1

1

576062

1

1

576563

1

1

577063

1

1

577563

1

1

578064

1

1

578565

1

1

579064

1

1

579565

1

1

580066

1

1

580567

1

1

581067

1

1

581567

1

1

582068

1

1

582569

1

1

583069

1

1

583569

1

1

584070

1

1

584571

1

1

585071

1

1

585571

1

1

586072

1

1

586572

1

1

587073

1

1

587573

1

1

588074

1

1

588574

1

1

589075

1

1

589576

1

1

590076

1

1

590576

1

1

591077

1

1

591578

1

1

592077

1

1

592578

1

1

593079

1

1

593580

1

1

594079

1

1

594580

1

1

595081

1

1

595582

1

1

596082

1

1

596582

1

1

597083

1

1

597584

1

1

598084

1

1

598584

1

1

599085

1

1

599585

1

1

600086
